0.00268405 -0.0131742 0.00406301 -0.022838 -0.0126851 0.0118423 -0.0125097 -0.00670298 -0.0034002 -0.0202338 -0.0213061 -0.035377 0.0120033 -0.00389643 -0.0126045 -0.0147963 
0.00273314 -0.00633274 -0.0122855 -0.00996297 0.0189609 0.0263944 0.0108548 -0.00168963 -0.00910533 0.00872958 -0.00473649 -0.00745547 0.0123573 0.0334759 0.00545926 -0.0184413 
-0.000723923 -0.0144762 -0.00650445 -0.00882909 -0.0184539 -0.00625077 -0.0107598 -0.00830571 0.0140393 -0.0146194 -0.0291203 -0.0223684 -0.00281935 -0.0126217 -0.0182517 -0.0158132 
0.00379659 -0.0208223 -0.0203002 -0.0125786 0.00345868 -0.0169646 -0.0155639 -0.020193 -0.010776 -0.00402382 -0.024078 0.0152155 -0.0153834 -0.0137994 -0.0115702 0.00166825 
0.00135442 -0.00521901 -0.00255518 0.013377 -0.00537075 -0.0210104 0.00514111 -0.00361704 0.0321394 -0.0188813 2.87404e-05 0.0184086 0.0108166 0.0163676 0.0205309 0.00349797 
0.00305473 -0.000604166 0.00527334 0.00739859 -0.00458345 0.0239162 -0.0241254 -0.00616704 -0.0018691 0.036737 0.0295789 0.000475984 -0.00140582 0.0227674 -0.00286143 -0.000301154 
0.000981123 -0.0104799 0.00201573 0.012012 -0.00697796 -0.00443136 -0.013386 -0.00973463 -0.0123042 0.0418738 0.00881206 -0.0176285 -0.00854502 -0.0198599 -0.0010999 0.00341673 
0.00414562 -0.0164289 0.00808521 -0.0101267 0.017924 -0.0155137 0.000518345 -0.0224682 0.00824741 -0.00651014 0.0240941 -0.00382585 0.0181967 0.00481148 0.00312263 -0.00803053 
0.00617009 0.0181623 0.0179077 -0.0276713 -0.0218032 -0.0274008 -0.0214348 0.000507854 0.00907806 0.0072716 2.36592e-05 -0.00690397 0.0235864 -0.0151454 0.00889211 0.00483032 
-0.00639977 0.00265642 0.010134 0.0163083 0.0248291 0.000502164 -0.0199084 -0.0164796 0.0341788 -0.0101686 0.00555849 0.0167624 -0.0122478 0.0147194 -0.00857429 -0.00788965 
0.00807153 0.00719266 0.00478882 0.00594959 0.0282474 0.00597166 0.000625079 0.00828654 0.0049899 -0.012709 0.0169574 0.00338183 0.00667487 -0.0107451 -0.00768895 0.02891 
-0.00363948 -0.0129933 -0.00149146 0.0269493 0.00355544 0.00662401 -0.0220343 0.00841362 -0.00688771 -0.000149561 -0.000927645 -0.0121476 -0.00713172 0.014615 -0.000347309 0.0339423 
-0.0105813 -0.00289335 -0.0295919 0.00614364 -0.010694 -0.0176262 -0.00570325 0.0115231 0.0258289 -0.0101756 -0.00551336 0.00857821 0.00256972 0.0204424 -0.00975967 -0.0100646 
0.00425493 0.0070449 0.0170029 0.0270012 -0.0358803 -0.0115347 0.000180341 -0.0350356 -0.011241 -0.00475356 0.00497 -0.02964 0.00711349 0.0125474 -0.00212507 -0.0154203 
-0.00425672 0.010103 -0.00988447 -0.01196 0.00338025 0.00574599 0.0115419 -0.0124145 -0.0128983 -0.0233802 0.0152042 -0.0259204 0.0129114 0.00785673 0.0072881 -0.0293925 
